# Frame list with one line of data per frame:
#   FRAME_ID, RIG_ID, RIG_FROM_WORLD[QW, QX, QY, QZ, TX, TY, TZ], NUM_DATA_IDS, DATA_IDS[] as (SENSOR_TYPE, SENSOR_ID, DATA_ID)
# Number of frames: 97
1 1 0.82825660259699907 -0.1443494090909056 -0.45509604821207883 -0.29332888581135735 4.3156764670064689 -2.924085644054164 2.7214657769502586 1 CAMERA 1 1
2 1 0.83364179568020702 -0.14186115895619167 -0.44729438556468565 -0.29128079359442233 4.3783789547352914 -2.8760631911952554 2.6627895068121274 1 CAMERA 1 2
3 1 0.93917467614345806 -0.10404758623178974 -0.25512463438185756 -0.20502792107830761 2.8529784608582736 -1.9393698291813495 1.7986146353735908 1 CAMERA 1 3
4 1 0.87111266333751602 -0.12838502238184993 -0.38614245228994287 -0.27490729408391629 4.0454210291329398 -2.7478817349949858 2.4897009896052285 1 CAMERA 1 4
5 1 0.8846405683068268 -0.12157311467377509 -0.36328620249725657 -0.26580853592278358 3.8531790965864454 -2.5766333543044886 2.4107442889455495 1 CAMERA 1 5
6 1 0.84160180099709059 -0.13760731976064802 -0.43503615049267863 -0.28898820368875922 4.3652064027323165 -2.8410095311061552 2.6292917956703357 1 CAMERA 1 6
7 1 0.91284860946288016 -0.1085138507820164 -0.31139810074773611 -0.24075585816516937 3.4270391014664652 -2.2236396591085512 1.8883798130092972 1 CAMERA 1 7
8 1 0.85445667394742753 -0.13233962378318329 -0.41466472289720502 -0.28362507630357603 4.2139593878180532 -2.832090119341053 2.5872028365329771 1 CAMERA 1 8
9 1 0.89923833197218317 -0.11513050767443017 -0.33621458221625644 -0.25509830109128911 3.6527766012473859 -2.4427576337900003 2.0859783290594933 1 CAMERA 1 9
10 1 0.97042055883689737 -0.082619781533577075 -0.16894694539853572 -0.15137648538175211 1.9974936179509055 -1.7287617726812603 1.3415566102001113 1 CAMERA 1 10
11 1 0.96126138406839134 -0.090360302248667965 -0.19857640311802632 -0.16846061676592911 2.3394830488595311 -1.7250334003433803 1.3367705760648896 1 CAMERA 1 11
12 1 0.99331108920900402 -0.038482929791446428 -0.051741285469442892 -0.095786134419644356 0.38762651279955218 -1.5477169308005803 1.3473844061331084 1 CAMERA 1 12
13 1 0.95131720766535022 -0.099016955189097186 -0.22470865853956828 -0.18627192961428471 2.6047009623846042 -1.8099219812864673 1.5130007215855237 1 CAMERA 1 13
14 1 0.98363226801219383 -0.062606018417570811 -0.11524935003901453 -0.12355417879890293 1.3819679096498341 -1.6708209767153683 1.0768458688009104 1 CAMERA 1 14
15 1 0.92810666356851013 -0.10884334701959987 -0.27753054314397263 -0.22304247234890279 3.0870970367637156 -2.0677033037125634 1.8735866249674358 1 CAMERA 1 15
16 1 0.97786272321430256 -0.074547539362627452 -0.14028275616732128 -0.13619070175671258 1.7061348087250972 -1.7328689792385688 1.3215970033556526 1 CAMERA 1 16
17 1 0.99802166019672478 -0.026775859126874 -0.0066432002866461011 -0.056495017799293529 -0.28969469482694626 -1.4315840038947347 1.7631873644508813 1 CAMERA 1 17
18 1 0.99103743060817384 -0.047356752678337194 -0.070219300883070657 -0.10330246314974609 0.72925101193409081 -1.5483134700223193 1.0737441284327105 1 CAMERA 1 18
19 1 0.9951045970273249 -0.02792421780821109 -0.037818743830521147 -0.086929981306603094 0.18979061660934657 -1.5085882100259742 1.5254823694658948 1 CAMERA 1 19
20 1 0.99668578039571676 -0.025488583118543892 -0.022927192135120393 -0.073770801462295935 -0.030050322575624108 -1.3892171239940947 1.5808039278814094 1 CAMERA 1 20
21 1 0.98786426426189344 -0.055374943350646369 -0.091596608717083958 -0.11255164287894837 1.0570938610272695 -1.6039263240958483 0.96078392193112916 1 CAMERA 1 21
22 1 0.99807144614246968 -0.043080285839379152 0.043482137544009779 -0.010333493198352979 -0.57114639131619738 -1.5522944096656075 2.1017584372869971 1 CAMERA 1 22
23 1 0.98772733911608102 -0.068048519363083204 0.1250597187140968 0.064219695812961317 -1.2176015837447676 -1.6045985409545702 2.3416264827653079 1 CAMERA 1 23
24 1 0.99621275553574362 -0.053400265259887301 0.066831619304535933 0.015559307156428403 -0.75107184549850992 -1.5109879060545715 2.1146817081636544 1 CAMERA 1 24
25 1 0.99871043964896489 -0.032143122498474175 0.017228968408161204 -0.035319117483454787 -0.46289430789131741 -1.5469005263489481 2.0549433888610609 1 CAMERA 1 25
26 1 0.94367492038293577 -0.074200108239932158 0.25931868421432114 0.19163978865255316 -2.494359206941013 -1.9964129904169916 2.4162139374579281 1 CAMERA 1 26
27 1 0.99234340864211101 -0.064697219816934826 0.096933808447366279 0.040898237766495961 -1.0065292079415944 -1.5436767279256385 2.2264194079391926 1 CAMERA 1 27
28 1 0.96806673875004767 -0.068667849686951235 0.198935136420409 0.13622161077674355 -2.0143882319970849 -1.7350170512782686 2.2601214020797777 1 CAMERA 1 28
29 1 0.97668261894106667 -0.068619507928264822 0.17053747811587672 0.1109026309335312 -1.671446087598365 -1.6016093815895696 2.1567245441063925 1 CAMERA 1 29
31 1 0.87364466833782894 -0.091080067957852076 0.39037046150111798 0.27579035061633711 -3.0984367948751976 -2.8805006406508142 2.9081218676450504 1 CAMERA 1 31
33 1 0.83379294315459795 -0.087520583497235405 0.42925931807481954 0.33595522507595832 -3.6206918700886113 -3.5390805154083944 2.742965311645682 1 CAMERA 1 33
34 1 0.9575669187492698 -0.070562380123154356 0.22702600154829269 0.16292863851815392 -2.3092672558642544 -1.8801568672962687 2.4192133836816456 1 CAMERA 1 34
35 1 0.90078721027950459 -0.08884383457117867 0.34560889324391353 0.24747458004060507 -2.8691896775450538 -2.4477945575366307 2.5895953491674262 1 CAMERA 1 35
36 1 0.98261960464858866 -0.068693350812959075 0.14875915869471101 0.087239032656150614 -1.4210615527203172 -1.6265423772871075 2.2112153208576464 1 CAMERA 1 36
37 1 0.85463503712573696 -0.091683826986054068 0.4099791198461511 0.30513955901596407 -3.319545639952151 -3.2295062143337505 2.8465103994676855 1 CAMERA 1 37
38 1 0.92479030472989843 -0.077573376832435231 0.29950133032868409 0.22145928884502269 -2.6865876594848359 -2.0723675382547797 2.4733334191285188 1 CAMERA 1 38
40 1 0.7808748392492505 -0.081689059226974642 0.47624462374166782 0.39591974109309896 -3.675323142510067 -4.2509881364044162 3.0843658899063233 1 CAMERA 1 40
42 1 0.80255277083427534 -0.017703581328937304 0.42547509767306457 0.41781164954373023 -3.9956686510626827 -3.2705014403828581 3.2855683187220408 1 CAMERA 1 42
43 1 0.77447750241839586 -0.025147423130250222 0.45335051651994868 0.44048327383541763 -3.7109040841720859 -3.8107441967144222 3.4116044480620777 1 CAMERA 1 43
44 1 0.84924737589630583 -0.0077236766952841459 0.36887918814853443 0.37768688606095852 -4.240233721966443 -2.8701347007660929 2.8639216926088449 1 CAMERA 1 44
45 1 0.82656012209498542 -0.008976975909939143 0.39777702830080131 0.39810955052851832 -4.0582110370657176 -3.0914369927537919 3.1278926082496046 1 CAMERA 1 45
46 1 0.87997415798902934 -0.004186517071038719 0.3364649187460228 0.33528989367343726 -4.2350511880317976 -2.490400754750123 2.5787423406757539 1 CAMERA 1 46
47 1 0.98533128090579669 0.032486326807290404 0.13598062376870362 0.097857934775808925 -2.7162667174145056 -0.62780821579091195 1.0666344906913965 1 CAMERA 1 47
48 1 0.89413250520758614 -0.00024169979648572504 0.32058976078889229 0.31264870060458477 -4.1731104745318675 -2.2600398684768077 2.450385640149209 1 CAMERA 1 48
49 1 0.92269509271490502 0.0048999515541171355 0.28504559847744665 0.25953566834490138 -3.9695344840075553 -1.9220406665519219 2.4019670732030676 1 CAMERA 1 49
50 1 0.90821093165969613 0.0017790842384154996 0.30508166828277294 0.28648719718496957 -4.0603815796680296 -2.0809131638643734 2.4656056064602061 1 CAMERA 1 50
51 1 0.86520707222978421 -0.0063675193323186035 0.35221204848035914 0.35682327525875723 -4.2960467689045831 -2.6576741175185274 2.7200731169829502 1 CAMERA 1 51
52 1 0.99549056626261023 0.025810374120227925 0.083907545471486697 0.035942744509455095 -1.6414099204051487 -0.43102643472907437 0.9092092084845349 1 CAMERA 1 52
53 1 0.93625036746643697 0.01035301766185388 0.26445071969872791 0.23107116067367592 -3.8527919086532418 -1.6603323944394146 2.1505374457395177 1 CAMERA 1 53
54 1 0.9978296933099936 0.028572470081616459 0.058696104879177459 0.0086188383400614584 -1.356649732138588 -0.38155887839519698 0.85918864238104287 1 CAMERA 1 54
55 1 0.94962139628374964 0.01554576984502672 0.23930262074931224 0.20177162452272088 -3.6579550328062123 -1.3132543938435177 1.800550213605669 1 CAMERA 1 55
56 1 0.96302389278456613 0.020479916361630511 0.20602248150583277 0.17239574259841811 -3.5067876938563578 -1.1113672605766276 1.526015035060251 1 CAMERA 1 56
57 1 0.99888575522548262 0.031005519409142326 0.028957758586570882 -0.020672541968236029 -1.1184521865035446 -0.28703859756769295 0.74374597564551448 1 CAMERA 1 57
58 1 0.98833213690668997 0.029271371860801434 0.12556075749541329 0.081100370677455694 -2.3740018166036503 -0.44730851751387873 0.97116810590992164 1 CAMERA 1 58
59 1 0.99181610450801816 0.025882625572575601 0.10950785768424913 0.060323574474795347 -2.080046009348036 -0.37293489537476365 0.90072191941082147 1 CAMERA 1 59
60 1 0.99543681486916469 0.031962935651779517 -0.027518578936219923 -0.0855958302780193 -0.42051585108273393 -0.36271755392974736 1.014022084862289 1 CAMERA 1 60
61 1 0.97369664781700016 0.029143379055577845 0.17626197732193791 0.14141151593035267 -3.2676103185776468 -1.0273804971396796 1.4322601160617401 1 CAMERA 1 61
62 1 0.98139894863632959 0.034478149426759419 0.14926739478868978 0.11570049991512839 -3.0849555244196094 -0.83245449796146553 1.2457569503398938 1 CAMERA 1 62
63 1 0.99813302723245889 0.031305010647376799 0.0013569618177053831 -0.052427234437459773 -0.79367481607064727 -0.22213903467537302 0.83470593290874917 1 CAMERA 1 63
64 1 0.96021632004890678 0.024536163603958636 -0.13940895191081315 -0.24072336719658929 1.0416003733343624 -0.69748404625744986 1.2065431989659559 1 CAMERA 1 64
65 1 0.98330537966393117 0.028634889165866314 -0.081217071500821414 -0.16029460609534332 0.25185670813104433 -0.37913394012866941 0.964161371015688 1 CAMERA 1 65
66 1 0.90839056817004848 0.020156936778153743 -0.2228866587013234 -0.35318806736974845 2.0162212524246659 -1.1583559502256735 1.4018507962861859 1 CAMERA 1 66
67 1 0.99056187583086608 0.030388884033045349 -0.054894704561359101 -0.12186163173363075 -0.092198806749069426 -0.41132622477149511 1.0404440252870415 1 CAMERA 1 67
68 1 0.80096769870018047 0.0030755675574767067 -0.34896771176524199 -0.48648003316525468 2.515171304397477 -2.118387553976758 2.0292452151726081 1 CAMERA 1 68
69 1 0.92850384193440128 0.022224947367971936 -0.19214518932156907 -0.31696512970376634 1.7057769508083185 -0.91943342246598059 1.2231130996231097 1 CAMERA 1 69
70 1 0.97299690342188305 0.025862207236861695 -0.11216310656892178 -0.20006901232593011 0.61711166848099508 -0.45031258418993891 1.0346898898691035 1 CAMERA 1 70
71 1 0.86034228737934249 0.013187975538717594 -0.28224594901800609 -0.42423395681038567 2.4349073359375004 -1.7223213908245467 1.6855487134047895 1 CAMERA 1 71
72 1 0.88544814380523662 0.019938340297248509 -0.25413957695535244 -0.38858348220557032 2.2719591503795913 -1.5216583111363584 1.6238676367883011 1 CAMERA 1 72
73 1 0.72763050217555669 0.014149606761262715 -0.40581022342818329 -0.55287584817336421 2.6061404508820889 -2.7405923223624806 2.3417827869703673 1 CAMERA 1 73
74 1 0.71012342656847449 0.025543782699476426 -0.41691601907457138 -0.56679208466867492 2.6907276458737694 -2.8152218096774342 2.3690439231889866 1 CAMERA 1 74
75 1 0.94530297246728068 0.023141178628267117 -0.16621367954352845 -0.2797137623157277 1.3568500436269393 -0.83951645794848895 1.2489005659685586 1 CAMERA 1 75
76 1 0.83042335100378839 0.0035804743500995402 -0.32062371596866102 -0.45561460805105292 2.4904836795955756 -1.8450742246549339 1.7931152942963633 1 CAMERA 1 76
77 1 0.77217329825022518 0.0057369235233613695 -0.37493309777423933 -0.51297237486171587 2.6177493354134045 -2.4850033787620012 2.2999040497221417 1 CAMERA 1 77
78 1 0.74800762359527651 0.0081677135710171191 -0.39296853792009534 -0.53478370553272436 2.6112516104628485 -2.7066713258276915 2.3621378025832618 1 CAMERA 1 78
79 1 0.69668262121286717 0.10558453830103436 -0.42996378979161787 -0.56446113244381624 1.8734140371429551 -2.1697721135905836 2.0676018513261947 1 CAMERA 1 79
80 1 0.69845905078728687 0.040648686816025077 -0.41776602331065521 -0.57963280480029433 2.692242896639264 -2.8582109139459799 2.3439950812123942 1 CAMERA 1 80
81 1 0.82095788133292436 0.13980038433678868 -0.33913300599664919 -0.43757606637054414 1.2231007861107537 -0.49584729957429108 0.84999153701653252 1 CAMERA 1 81
82 1 0.72390958425200769 0.10206573357173485 -0.40146761457105573 -0.5516894545930483 1.5477653065453729 -1.3149378372393559 1.4166239032787418 1 CAMERA 1 82
83 1 0.69500725601617386 0.050166129254834685 -0.41703462291674004 -0.58354982379326292 2.4351034132519889 -2.6960597922825911 2.2779202130595699 1 CAMERA 1 83
84 1 0.74445342628292488 0.10860070871703258 -0.33648182843010799 -0.56636998622640955 1.0456050193308408 -0.71003649097371779 1.2696830548888607 1 CAMERA 1 84
85 1 0.70788284238772614 0.092348892238588082 -0.40914779133841578 -0.56830594612257535 1.513620634202886 -1.780398507022082 1.6870962928489597 1 CAMERA 1 85
86 1 0.69852450962643953 0.060842348631808423 -0.42445467645471296 -0.57288737610444207 2.0320039806556149 -2.5140310205354726 2.1793663844561202 1 CAMERA 1 86
87 1 0.98142539887446989 0.13727044334490293 -0.099807920309783749 -0.089439313902878043 0.047653825748333663 -0.6125280700376412 0.62520722471597023 1 CAMERA 1 87
88 1 0.85699299613327873 0.13590216367544625 -0.32471269880761261 -0.37637118609149006 1.2186491592059117 -0.56981258481653585 0.82395013175337284 1 CAMERA 1 88
89 1 0.9187775754307046 0.14895601284345142 -0.24333355652550429 -0.27285280535868889 0.83702403959249505 -0.54522354186878297 0.84940715320674531 1 CAMERA 1 89
90 1 0.7774383846329993 0.12943905623332322 -0.40368025132479035 -0.46462602543444931 1.6609847820446038 -1.0636305916881577 1.0046596471495939 1 CAMERA 1 90
91 1 0.88793014446304808 0.14410184557545694 -0.3000287807480293 -0.31748613730118841 1.1572043718773879 -0.69404697222449152 0.82432546992063982 1 CAMERA 1 91
92 1 0.94271689393337199 0.11449208263296273 -0.22139565789882446 -0.22172140981540114 0.74403927103327094 -0.75222922409777049 0.66593526314450635 1 CAMERA 1 92
93 1 0.99521878002512421 0.087700471761770663 -0.032680889148608436 -0.0279314629499199 -0.48631903840579915 -0.48619290642535185 0.60659854344295716 1 CAMERA 1 93
94 1 0.9895504040844525 0.1163009098772308 -0.063787751218572206 -0.056526267632867548 -0.21065263892914496 -0.55320344178350567 0.59260199755679177 1 CAMERA 1 94
95 1 0.95694361945218309 0.14905123421101849 -0.18341534307143889 -0.16852729955681958 0.53495611866993131 -0.42557158788297311 0.56755961690033641 1 CAMERA 1 95
96 1 0.99936741340280555 0.034298418153300751 0.0066044601299865332 0.0066912365941541431 -0.58673351406443952 -0.81081483299242374 1.0817892182126647 1 CAMERA 1 96
97 1 0.99815784961874776 0.059505712640224855 -0.010099018285581556 -0.0061633787263064149 -0.55829988399813479 -0.56695585759103628 0.76864785546101921 1 CAMERA 1 97
99 1 0.97029361934433012 0.15014965831854207 -0.1415471789376555 -0.12629239288768204 0.29702263702636594 -0.52084834353837517 0.54731869472701544 1 CAMERA 1 99
100 1 0.99801012747274098 -0.034657503317774147 0.051040492690769643 0.01301964022181879 -1.193063565853177 -1.0338877515033951 1.8315712420670665 1 CAMERA 1 100
101 1 0.99945614387225257 0.012898895583864938 0.027788832078683646 0.012199007354139429 -0.64258346885080864 -0.99815992757135641 1.4865572274625685 1 CAMERA 1 101
102 1 0.99838367365899783 -0.031656147273577115 0.045239950788721277 0.01346385396502035 -1.1611811695482017 -1.0458005549441665 1.8096540852045075 1 CAMERA 1 102
